0	0	0	0	0	0	0	0	0	0	0	0	0	0	0	0	0	0	0	0	0	0	0	0	0	
0	0	6	4	7	5	7	6	9	9	3	9	8	7	6	9	7	6	4	2	2	10	9	8	10	
0	6	0	9	2	7	2	8	5	7	7	7	2	8	8	8	10	7	2	7	8	8	4	2	9	
0	4	9	0	8	3	3	4	3	8	7	10	8	3	2	6	6	4	5	2	7	9	10	7	8	
0	7	2	8	0	3	6	9	7	10	4	7	9	8	9	10	8	7	10	4	6	7	9	2	6	
0	5	7	3	3	0	10	2	9	3	2	9	9	8	6	2	7	2	6	10	6	10	10	9	8	
0	7	2	3	6	10	0	2	10	3	10	5	10	10	9	9	3	10	10	6	7	8	2	2	4	
0	6	8	4	9	2	2	0	9	4	7	9	3	9	6	3	4	7	3	4	4	4	6	9	9	
0	9	5	3	7	9	10	9	0	7	10	3	3	10	6	3	6	8	6	6	8	10	2	4	9	
0	9	7	8	10	3	3	4	7	0	10	9	10	9	3	8	4	2	6	8	9	2	8	10	4	
0	3	7	7	4	2	10	7	10	10	0	10	8	10	2	9	8	7	4	7	5	5	2	2	6	
0	9	7	10	7	9	5	9	3	9	10	0	3	8	7	5	8	10	3	5	6	8	7	3	6	
0	8	2	8	9	9	10	3	3	10	8	3	0	3	6	7	4	3	4	6	6	10	4	5	6	
0	7	8	3	8	8	10	9	10	9	10	8	3	0	7	5	9	3	10	3	6	7	7	4	8	
0	6	8	2	9	6	9	6	6	3	2	7	6	7	0	10	5	5	2	9	7	5	9	4	7	
0	9	8	6	10	2	9	3	3	8	9	5	7	5	10	0	9	9	9	7	3	4	10	4	2	
0	7	10	6	8	7	3	4	6	4	8	8	4	9	5	9	0	9	5	7	5	10	8	7	3	
0	6	7	4	7	2	10	7	8	2	7	10	3	3	5	9	9	0	8	4	3	7	9	3	3	
0	4	2	5	10	6	10	3	6	6	4	3	4	10	2	9	5	8	0	10	2	4	9	10	8	
0	2	7	2	4	10	6	4	6	8	7	5	6	3	9	7	7	4	10	0	10	6	10	8	8	
0	2	8	7	6	6	7	4	8	9	5	6	6	6	7	3	5	3	2	10	0	4	10	9	7	
0	10	8	9	7	10	8	4	10	2	5	8	10	7	5	4	10	7	4	6	4	0	2	5	6	
0	9	4	10	9	10	2	6	2	8	2	7	4	7	9	10	8	9	9	10	10	2	0	5	10	
0	8	2	7	2	9	2	9	4	10	2	3	5	4	4	4	7	3	10	8	9	5	5	0	6	
0	10	9	8	6	8	4	9	9	4	6	6	6	8	7	2	3	3	8	8	7	6	10	6	0	
